0.315
0.27
0.284
0.275
0.269
0.275
0.297
0.264
0.319
0.275
0.304
0.293
0.279
0.282
0.264
0.285
0.271
0.246
0.259
0.249
0.256
0.307
0.307
0.312
0.318
0.3
0.239
0.247
0.298
0.273
0.321
0.287
0.265
0.267
0.336
0.312
0.259
0.283
0.27
0.284
0.282
0.257
0.284
0.248
0.293
0.29
0.261
0.294
0.255
0.281
0.273
0.286
0.298
0.26
0.29
0.237
0.245
0.284
0.288
0.278
0.282
0.268
0.265
0.275
0.261
0.26
0.283
0.273
0.259
0.298
0.296
0.247
0.249
0.3
0.276
0.328
0.312
0.26
0.324
0.3
0.238
0.271
0.237
0.265
0.253
0.243
0.205
0.284
0.269
0.269
0.307
0.264
0.27
0.248
0.277
0.359
0.249
0.27
0.292
0.247
0.288
0.255
0.266
0.327
0.248
0.281
0.253
0.25
0.268
0.235
0.198
0.268
0.258
0.242
0.273
0.263
0.302
0.251
0.196
0.274
0.269
0.255
0.277
0.265
0.27
0.23
0.321
0.285
0.315
0.254
0.256
0.247
0.262
0.241
0.256
0.276
0.3
0.255
0.238
0.243
0.284
0.249
0.252
0.251
0.267
0.261
0.26
0.223
0.276
0.291
0.256
0.292
0.244
0.262
0.296
0.275
0.304
0.291
0.252
0.246
0.217
0.24
0.281
0.218
0.251
0.305
0.299
0.263
0.237
0.269
0.318
0.256
0.266
0.255
0.278
0.269
0.245
0.286
0.31
0.235
0.256
0.3
0.248
0.276
0.277
0.237
0.221
0.231
0.262
0.263
0.28
0.302
0.268
0.261
0.307
0.227
0.259
0.268
0.254
0.263
0.246
0.318
0.291
0.243
0.272
0.259
0.218
0.256
0.247
0.276
0.251
0.249
0.308
0.279
0.268
0.263
0.258
0.244
0.248
0.224
0.23
0.259
0.239
0.271
0.303
0.28
0.263
0.282
0.27
0.207
0.265
0.256
0.285
0.259
0.24
0.297
0.269
0.294
0.288
0.256
0.311
0.245
0.255
0.246
0.266
0.253
0.345
0.21
0.228
0.247
0.234
0.279
0.266
0.204
0.211
0.274
0.3
0.271
0.256
0.23
0.253
0.297
0.283
0.193
0.249
0.23
0.207
0.24
0.271
0.289
0.234
0.195
0.238
0.255
0.225
0.271
0.22
0.273
0.238
0.28
0.235
0.206
0.276
0.205
0.283
0.276
0.215
0.19
0.249
0.283
0.296
0.244
0.211
0.275
0.268
0.258
0.278
0.231
0.242
0.146
0.25
0.237
0.183
0.239
0.216
0.284
0.255
0.201
0.239
0.241
0.213
0.214
0.208
0.25
0.203
0.288
0.261
0.272
0.195
0.195
0.25
0.3
0.267
0.262
0.257
0.277
0.254
0.29
0.26
0.217
0.311
0.205
0.233
0.29
0.249
0.304
0.236
0.197
0.214
0.247
0.253
0.204
0.261
0.217
0.274
0.268
0.191
0.244
0.24
0.244
0.287
0.265
0.229
0.207
0.22
0.263
0.246
0.277
0.182
0.291
0.196
0.252
0.216
0.259
0.242
0.25
0.214
0.258
0.266
0.203
0.253
0.196
0.25
0.181
0.227
0.276
0.25
0.219
0.238
0.26
0.262
0.306
0.247
0.255
0.201
0.222
0.25
0.224
0.197
0.254
0.214
0.281
0.288
0.237
0.215
0.194
0.281
0.266
0.211
0.228
0.173
0.238
0.24
0.21
0.194
0.22
0.231
0.289
0.256
0.192
0.21
0.207
0.278
0.246
0.281
0.214
0.214
0.232
0.25
0.234
0.198
0.273
0.211
0.278
0.231
0.157
0.196
0.255
0.255
0.231
0.221
0.144
0.308
0.214
0.157
0.265
0.232
0.263
0.276
0.235
0.184
0.224
0.206
0.216
0.229
0.211
0.194
0.323
0.261
0.141
0.23
0.149
0.23
0.209
0.202
0.202
0.167
0.195
0.185
0.241
0.177
0.19
0.218
0.192
0.208
0.195
0.104
0.247
0.197
0.28
0.243
0.111
0.167
0.197
0.141
0.155
0.186
0.261
0.217
0.147
0.149
0.179
0.104
0.106
0.197
0.231
0.185
0.078
0.219
0.188
0.222
0.254
0.254
0.206
0.19
0.145
0.21
0.097
0.177
0.113
0.194
0.177
0.295
0.246
0.148
0.148
0.213
0.133
0.217
0.119
0.186
0.136
0.085
0.102
0.31
0.19
0.19
0.138
0.211
0.105
0.228
0.14
0.14
0.214
0.196
0.089
0.273
0.364
0.127
0.055
0.036
0.236
0.164
0.204
0.111
0.185
0.204
0.111
0.037
0.093
0.132
0.34
0.151
0.189
0.173
0.269
0.231
0.173
0.231
0.255
0.098
0.118
0.28
0.306
0.327
0.184
0.286
0.063
0.25
0.188
0.333
0.213
0.17
0.191
0.152
0.267
0.136
0.25
0.091
0.295
0.318
0.159
0.326
0.167
0.143
0.143
0.19
0.22
0.171
0.146
0.075
0.15
0.125
0.15
0.179
0.179
0.128
0.359
0.205
0.205
0.158
0.184
0.211
0.237
0.263
0.189
0.297
0.135
0.189
0.189
0.306
0.194
0.222
0.2
0.143
0.171
0.343
0.2
0.2
0.265
0.206
0.118
0.176
0.212
0.242
0.242
0.091
0.212
0.061
0.121
0.281
0.094
0.156
0.129
0.065
0.2
0.3
0.2
0.207
0.172
0.138
0.138
0.276
0.179
0.179
0.143
0.179
0.074
0.148
0.185
0.111
0.296
0.185

0.038
0.154
0.077
0.077
0.154
0.192
0.192
0.04
0.12
0.16
0.28
0.12
0.208
0.25
0.167
0.208
0.125
0.083
0.292
0.083
0.167
0.217
0.261
0.13
0.217
0.217
0.261
0.087
0.091
0.227
0.136
0.136
0.045
0.19
0.048
0.143
0.3
0.1
0.05
0.3
0.05
0.1
0.158
0.211
0.158
0.056
0.167
0.167
0.167
0.294
0.235
0.235
0.176
0.118

0.063
0.2
0.4
0.267
0.333
0.2
0.067
0.357
0.143
0.071
0.214
0.071
0.214

0.077

0.231
0.154
0.308
0.308
0.25
0.167
0.083
0.167
0.333
0.091
0.091
0.273
0.091
0.4


0.1
0.2
0.2
0.4
0.2
0.2
0.111

0.111
0.222

0.125
0.125
0.125

0.125
0.125

0.125


0.286



0.286
0.286
0.143
0.286
0.143
0.143
0.143
0.286

0.429


0.5
0.167





0.5

0.2
0.2
0.2


0.4




0.4




0.2

0.2


0.25
0.25

0.25

0.25

0.25


0.25
0.5


0.25




0.25




0.25



0.333








0.333


0.333

0.333




0.333

0.667











0.5












0.5
0.5





0.5



0.5

0.5
0.5









1





1
1

1


1

1






















1










1



1
